50
 0  7    0 34    0 23 
 1 14    1 22    1 22    1 45    1 23
 2 19    2 25    2 33    2 23 
 3  4    3 17    3 27    3 36    3 42    3 23
 4 17    4 17    4 27    4 27    4 23
 5 43    5 23
 6 13    6 13    6 28    6 23
 7 41    7 23
 8 19    8 48    8 23
 9 11    9 30    9 46    9 23
10  0   10  7   10 28   10 28   10 28   10 29   10 29   10 41   10 23
11 21   11 30   11 23
12  9   12 11   12 21   12 21   12 26   12 26   12 23
13 22   13 23   13 47   13 23
14  8   14 48   14 23
15 34   15 49   15 23
16  9   16 23
17 20   17 24   17 38   17 23
18  6   18 28   18 32   18 42   18 23
19 15   19 40   19 23
20  3   20 35   20 36   20 46   20 23
21  1   21 14   21 22   21 23
22  6   22 23 
23 11   23 21   23 22
24  4   24  5   24 38   24 23
25 34   25 23
26  9   26 26   26 48   26 23
27  5   27 24   27 31   27 23
28 22   28 39   28 44   28 23
29 49   29 22   29 23
30 23   30 37   30 23
31 18   31 32   31 23
32  5   32  6   32 13   32 27   32 37   32 47   32 23
33  8   33 19   33 23
34  2   34 19   34 40   34 23
35  9   35 46   35 23
36 42   36 23
37  5   37 9    37 35   37 35   37 47   37 23
38 35   38 37   38 23
39 18   39 42   39 23
40 15   40 23
41 28   41 44   41 23
42 31   42 23
43 24   43 37   43 38   43 23
44  7   44 39   44 23
45  8   45 14   45 14   45 15   45 49   45 23
46 16   46 23
47 23   47 30   47 23
48 12   48 21   48 33   48 33   48 23
49  1   49 34   49 22   49 23

