Enter a number of moves for page rank simulation: 100
Adjacency Matrix:
[[0. 1. 0. 0. 0.]
 [0. 0. 2. 2. 1.]
 [0. 0. 0. 1. 0.]
 [1. 0. 0. 0. 0.]
 [1. 0. 1. 0. 0.]]

Out Degrees:
[[1.]
 [5.]
 [1.]
 [1.]
 [2.]]

Transition Matrix:
[[0.02 0.92 0.02 0.02 0.02]
 [0.02 0.02 0.38 0.38 0.2 ]
 [0.02 0.02 0.02 0.92 0.02]
 [0.92 0.02 0.02 0.02 0.02]
 [0.47 0.02 0.47 0.02 0.02]]

Transition Matrix (Transpose):
[[0.02 0.02 0.02 0.92 0.47]
 [0.92 0.02 0.02 0.02 0.02]
 [0.02 0.38 0.02 0.02 0.47]
 [0.02 0.38 0.92 0.02 0.02]
 [0.02 0.2  0.02 0.02 0.02]]

Ranks:
[[0.27302929]
 [0.26572636]
 [0.14618532]
 [0.24722828]
 [0.06783074]]